0.000000000 0 0 0 0 0 0
0.559208717 -0.0559209 0.0125623 0.0194234 -0.0402022 0.0148204 0.0421874
1.118417435 -0.111842 0.0251247 0.0388468 -0.0804044 0.0296407 0.0843748
1.677626152 -0.167763 0.037687 0.0582703 -0.120607 0.0444611 0.126562
2.236834870 -0.223683 0.0502493 0.0776937 -0.160809 0.0592814 0.16875
2.796043587 -0.279604 0.0628117 0.0971171 -0.201011 0.0741018 0.210937
3.355252304 -0.335525 0.075374 0.116541 -0.241213 0.0889221 0.253124
3.914461022 -0.391446 0.0879364 0.135964 -0.281415 0.103742 0.295312
4.473669739 -0.447367 0.100499 0.155387 -0.321618 0.118563 0.337499
5.032878457 -0.503288 0.113061 0.174811 -0.36182 0.133383 0.379687
5.592087174 -0.559209 0.125623 0.194234 -0.402022 0.148204 0.421874
6.151295892 -0.61513 0.138186 0.213658 -0.442224 0.163024 0.464061
6.710504609 -0.67105 0.150748 0.233081 -0.482427 0.177844 0.506249
7.269713326 -0.726971 0.16331 0.252504 -0.522629 0.192665 0.548436
7.828922044 -0.782892 0.175873 0.271928 -0.562831 0.207485 0.590624
8.388130761 -0.838813 0.188435 0.291351 -0.603033 0.222305 0.632811
8.947339479 -0.894734 0.200997 0.310775 -0.643235 0.237126 0.674999
9.506548196 -0.950655 0.21356 0.330198 -0.683438 0.251946 0.717186
10.065756913 -1.00658 0.226122 0.349622 -0.72364 0.266766 0.759373
10.624965631 -1.0625 0.238684 0.369045 -0.763842 0.281587 0.801561
11.184174348 -1.11842 0.251247 0.388468 -0.804044 0.296407 0.843748
11.743383066 -1.17434 0.263809 0.407892 -0.844246 0.311227 0.885936
12.302591783 -1.23026 0.276371 0.427315 -0.884449 0.326048 0.928123
12.861800500 -1.28618 0.288934 0.446739 -0.924651 0.340868 0.97031
13.421009218 -1.3421 0.301496 0.466162 -0.964853 0.355688 1.0125
13.980217935 -1.39802 0.314058 0.485585 -1.00506 0.370509 1.05469
14.539426653 -1.45394 0.326621 0.505009 -1.04526 0.385329 1.09687
15.098635370 -1.50986 0.339183 0.524432 -1.08546 0.40015 1.13906
15.657844088 -1.56578 0.351745 0.543856 -1.12566 0.41497 1.18125
16.217052805 -1.62171 0.364308 0.563279 -1.16586 0.42979 1.22343
16.776261522 -1.67763 0.37687 0.582703 -1.20607 0.444611 1.26562
17.335470240 -1.73355 0.389432 0.602126 -1.24627 0.459431 1.30781
17.894678957 -1.78947 0.401995 0.621549 -1.28647 0.474251 1.35
18.453887675 -1.84539 0.414557 0.640973 -1.32667 0.489072 1.39218
19.013096392 -1.90131 0.427119 0.660396 -1.36688 0.503892 1.43437
19.572305109 -1.95723 0.439682 0.67982 -1.40708 0.518712 1.47656
20.131513827 -2.01315 0.452244 0.699243 -1.44728 0.533533 1.51875
20.690722544 -2.06907 0.464806 0.718666 -1.48748 0.548353 1.56093
21.249931262 -2.12499 0.477369 0.73809 -1.52768 0.563173 1.60312
21.809139979 -2.18091 0.489931 0.757513 -1.56789 0.577994 1.64531
22.368348696 -2.23683 0.502493 0.776937 -1.60809 0.592814 1.6875